          _         a         b         c         d         e         f  \
_  0.999044  0.000037  0.000037  0.000037  0.000037  0.000037  0.000037   
a  0.000101  0.794792  0.000101  0.000101  0.000101  0.000101  0.000101   
b  0.000507  0.000507  0.798784  0.000507  0.000507  0.000507  0.000507   
c  0.000220  0.000220  0.000220  0.793521  0.044954  0.000220  0.052887   
d  0.000233  0.000233  0.000233  0.041007  0.801025  0.040541  0.033784   
e  0.000059  0.000059  0.000059  0.000059  0.066348  0.800662  0.000059   
f  0.000319  0.000319  0.000319  0.033536  0.030981  0.000319  0.802619   
g  0.000388  0.000388  0.041925  0.000388  0.000388  0.000388  0.041537   
h  0.000159  0.000159  0.043699  0.000159  0.000159  0.000159  0.000159   
i  0.000098  0.000098  0.000098  0.000098  0.000098  0.000098  0.000098   
j  0.007937  0.007937  0.007937  0.007937  0.007937  0.007937  0.007937   
k  0.001706  0.001706  0.001706  0.001706  0.001706  0.001706  0.001706   
l  0.000167  0.000167  0.000167  0.000167  0.000167  0.000167  0.000167   
m  0.000280  0.000280  0.000280  0.000280  0.000280  0.000280  0.000280   
n  0.000109  0.000109  0.052167  0.000109  0.000109  0.000109  0.000109   
o  0.000089  0.000089  0.000089  0.000089  0.000089  0.000089  0.000089   
p  0.000326  0.000326  0.000326  0.000326  0.000326  0.000326  0.000326   
q  0.005882  0.082353  0.005882  0.005882  0.005882  0.005882  0.005882   
r  0.000129  0.000129  0.000129  0.000129  0.052469  0.050148  0.049117   
s  0.000110  0.042642  0.000110  0.000110  0.040224  0.000110  0.000110   
t  0.000077  0.000077  0.000077  0.000077  0.000077  0.000077  0.049614   
u  0.000267  0.000267  0.000267  0.000267  0.000267  0.000267  0.000267   
v  0.000550  0.000550  0.041781  0.045629  0.000550  0.000550  0.053326   
w  0.000475  0.046037  0.000475  0.000475  0.000475  0.043664  0.000475   
x  0.003484  0.003484  0.003484  0.038328  0.062718  0.003484  0.003484   
y  0.000357  0.000357  0.000357  0.000357  0.000357  0.000357  0.000357   
z  0.006944  0.041667  0.006944  0.006944  0.006944  0.006944  0.006944   

          g         h         i  ...         q         r         s         t  \
_  0.000037  0.000037  0.000037  ...  0.000037  0.000037  0.000037  0.000037   
a  0.000101  0.000101  0.000101  ...  0.068235  0.000101  0.068840  0.000101   
b  0.046123  0.043588  0.000507  ...  0.000507  0.000507  0.000507  0.000507   
c  0.000220  0.000220  0.000220  ...  0.000220  0.000220  0.000220  0.000220   
d  0.000233  0.000233  0.000233  ...  0.000233  0.000233  0.040541  0.000233   
e  0.000059  0.000059  0.000059  ...  0.000059  0.064812  0.000059  0.000059   
f  0.036091  0.000319  0.000319  ...  0.000319  0.029064  0.000319  0.032577   
g  0.800466  0.030668  0.000388  ...  0.000388  0.000388  0.000388  0.041149   
h  0.039886  0.791038  0.000159  ...  0.000159  0.000159  0.000159  0.000159   
i  0.000098  0.000098  0.799589  ...  0.000098  0.000098  0.000098  0.000098   
j  0.007937  0.023810  0.007937  ...  0.007937  0.007937  0.007937  0.007937   
k  0.001706  0.001706  0.037543  ...  0.001706  0.001706  0.001706  0.001706   
l  0.000167  0.000167  0.000167  ...  0.000167  0.000167  0.000167  0.000167   
m  0.000280  0.000280  0.000280  ...  0.000280  0.000280  0.000280  0.000280   
n  0.000109  0.052494  0.000109  ...  0.000109  0.000109  0.000109  0.000109   
o  0.000089  0.000089  0.048344  ...  0.000089  0.000089  0.000089  0.000089   
p  0.000326  0.000326  0.000326  ...  0.000326  0.000326  0.000326  0.000326   
q  0.005882  0.005882  0.005882  ...  0.676471  0.005882  0.005882  0.005882   
r  0.000129  0.000129  0.000129  ...  0.000129  0.791027  0.000129  0.054402   
s  0.000110  0.000110  0.000110  ...  0.000110  0.000110  0.796131  0.000110   
t  0.049537  0.000077  0.000077  ...  0.000077  0.051003  0.000077  0.800926   
u  0.000267  0.050535  0.051872  ...  0.000267  0.000267  0.000267  0.000267   
v  0.059923  0.000550  0.000550  ...  0.000550  0.000550  0.000550  0.000550   
w  0.000475  0.000475  0.000475  ...  0.051258  0.000475  0.052207  0.000475   
x  0.003484  0.003484  0.003484  ...  0.003484  0.003484  0.059233  0.003484   
y  0.050751  0.050751  0.000357  ...  0.000357  0.000357  0.000357  0.047534   
z  0.006944  0.006944  0.006944  ...  0.006944  0.006944  0.083333  0.006944   

          u         v         w         x         y         z  
_  0.000037  0.000037  0.000037  0.000037  0.000037  0.000037  
a  0.000101  0.000101  0.000101  0.000101  0.000101  0.065812  
b  0.000507  0.047136  0.000507  0.000507  0.000507  0.000507  
c  0.000220  0.053768  0.000220  0.050022  0.000220  0.000220  
d  0.000233  0.000233  0.000233  0.038211  0.000233  0.000233  
e  0.000059  0.000059  0.066820  0.000059  0.000059  0.000059  
f  0.000319  0.028745  0.000319  0.000319  0.000319  0.000319  
g  0.000388  0.036102  0.000388  0.000388  0.000388  0.000388  
h  0.000159  0.000159  0.000159  0.000159  0.037979  0.000159  
i  0.046264  0.000098  0.000098  0.000098  0.000098  0.000098  
j  0.087302  0.007937  0.007937  0.007937  0.007937  0.007937  
k  0.001706  0.001706  0.001706  0.001706  0.001706  0.001706  
l  0.000167  0.000167  0.000167  0.000167  0.000167  0.000167  
m  0.000280  0.000280  0.000280  0.000280  0.000280  0.000280  
n  0.000109  0.000109  0.000109  0.000109  0.000109  0.000109  
o  0.000089  0.000089  0.000089  0.000089  0.000089  0.000089  
p  0.000326  0.000326  0.000326  0.000326  0.000326  0.000326  
q  0.005882  0.005882  0.100000  0.005882  0.005882  0.005882  
r  0.000129  0.000129  0.000129  0.000129  0.000129  0.000129  
s  0.000110  0.000110  0.038466  0.042312  0.000110  0.037916  
t  0.000077  0.000077  0.000077  0.000077  0.047222  0.000077  
u  0.800267  0.000267  0.000267  0.000267  0.047326  0.000267  
v  0.000550  0.787246  0.000550  0.000550  0.000550  0.000550  
w  0.000475  0.000475  0.796393  0.000475  0.000475  0.000475  
x  0.003484  0.003484  0.003484  0.717770  0.003484  0.045296  
y  0.042173  0.000357  0.000357  0.000357  0.800929  0.000357  
z  0.006944  0.006944  0.006944  0.062500  0.006944  0.652778  

[27 rows x 27 columns]
          _         a         b         c         d         e         f  \
_  0.000037  0.024623  0.000698  0.005696  0.074642  0.204961  0.042705   
a  0.288887  0.000101  0.007570  0.073282  0.009488  0.060765  0.013627   
b  0.682717  0.113026  0.002534  0.000507  0.000507  0.009123  0.000507   
c  0.249008  0.085280  0.000441  0.015425  0.000661  0.168576  0.001322   
d  0.183830  0.065471  0.000233  0.000233  0.004427  0.226701  0.000233   
e  0.049628  0.000118  0.047560  0.038048  0.044547  0.026882  0.011816   
f  0.312360  0.013414  0.000639  0.000319  0.000639  0.096455  0.062280   
g  0.178183  0.077640  0.000388  0.000388  0.003106  0.036879  0.000776   
h  0.153345  0.000795  0.000159  0.117432  0.000318  0.010488  0.000159   
i  0.214593  0.026506  0.007140  0.060739  0.041569  0.023768  0.026213   
j  0.436508  0.182540  0.126984  0.007937  0.063492  0.007937  0.007937   
k  0.129693  0.325939  0.001706  0.088737  0.001706  0.020478  0.001706   
l  0.100985  0.224670  0.048072  0.015690  0.003338  0.082624  0.006677   
m  0.307563  0.053782  0.000560  0.000280  0.000840  0.174510  0.000280   
n  0.078196  0.209649  0.000436  0.000109  0.001307  0.161512  0.000109   
o  0.189548  0.000356  0.010862  0.058939  0.028757  0.022258  0.049947   
p  0.475570  0.058632  0.000326  0.000326  0.000651  0.050489  0.000326   
q  0.194118  0.017647  0.005882  0.070588  0.005882  0.388235  0.005882   
r  0.091917  0.115122  0.009153  0.019982  0.010829  0.228310  0.028877   
s  0.225190  0.070447  0.001758  0.001429  0.016046  0.162435  0.000550   
t  0.366975  0.127469  0.001312  0.033256  0.000077  0.042361  0.011960   
u  0.074332  0.042781  0.066845  0.034492  0.065241  0.002674  0.032086   
v  0.072018  0.180319  0.004398  0.000550  0.032985  0.224299  0.000550   
w  0.694827  0.013289  0.000475  0.000475  0.002848  0.035121  0.000475   
x  0.013937  0.017422  0.003484  0.003484  0.003484  0.836237  0.003484   
y  0.026814  0.088309  0.067572  0.008223  0.014301  0.076511  0.016089   
z  0.006944  0.048611  0.006944  0.006944  0.006944  0.006944  0.006944   

          g         h         i  ...         q         r         s         t  \
_  0.025652  0.021352  0.000588  ...  0.000110  0.059757  0.129805  0.104998   
a  0.020289  0.126577  0.035934  ...  0.000101  0.061472  0.019481  0.046129   
b  0.000507  0.004562  0.039534  ...  0.000507  0.006589  0.001521  0.001014   
c  0.000220  0.000220  0.174967  ...  0.000220  0.017188  0.031952  0.007052   
d  0.000233  0.000233  0.072227  ...  0.000233  0.026794  0.000233  0.000466   
e  0.022451  0.156800  0.039643  ...  0.000059  0.114971  0.060026  0.078695   
f  0.000319  0.000319  0.088151  ...  0.000319  0.009582  0.022996  0.002236   
g  0.011258  0.000388  0.062112  ...  0.000388  0.058230  0.000776  0.000776   
h  0.032735  0.000318  0.000477  ...  0.000159  0.000953  0.022088  0.581440   
i  0.024746  0.057610  0.000098  ...  0.000098  0.067390  0.051056  0.156886   
j  0.007937  0.007937  0.007937  ...  0.007937  0.007937  0.007937  0.007937   
k  0.001706  0.001706  0.081911  ...  0.001706  0.151877  0.049488  0.001706   
l  0.005508  0.002838  0.081289  ...  0.000167  0.013186  0.005341  0.015523   
m  0.002241  0.001120  0.090756  ...  0.000280  0.040896  0.036975  0.002801   
n  0.004356  0.027336  0.248203  ...  0.000109  0.016445  0.002396  0.000871   
o  0.017183  0.040598  0.075588  ...  0.000089  0.074964  0.062055  0.105324   
p  0.000326  0.000326  0.016938  ...  0.000326  0.011401  0.038111  0.000651   
q  0.005882  0.005882  0.182353  ...  0.005882  0.005882  0.005882  0.005882   
r  0.029264  0.012892  0.043960  ...  0.000129  0.013923  0.002965  0.063942   
s  0.007034  0.002198  0.147159  ...  0.000110  0.029564  0.057809  0.042202   
t  0.000309  0.005941  0.095062  ...  0.000077  0.026852  0.092901  0.012114   
u  0.018182  0.056684  0.000535  ...  0.037968  0.038770  0.108021  0.059091   
v  0.000550  0.000550  0.252336  ...  0.000550  0.037933  0.000550  0.001100   
w  0.000475  0.001424  0.000475  ...  0.000475  0.007594  0.002848  0.018510   
x  0.003484  0.003484  0.010453  ...  0.003484  0.003484  0.003484  0.003484   
y  0.057204  0.018949  0.000358  ...  0.000358  0.069360  0.099035  0.145156   
z  0.006944  0.006944  0.763889  ...  0.006944  0.006944  0.006944  0.006944   

          u         v         w         x         y         z  
_  0.001397  0.000074  0.005476  0.001029  0.080632  0.000037  
a  0.015444  0.014434  0.020390  0.005249  0.001110  0.005451  
b  0.028383  0.000507  0.000507  0.000507  0.006589  0.000507  
c  0.043852  0.000220  0.000220  0.004187  0.012781  0.000220  
d  0.013048  0.000233  0.002563  0.000233  0.000233  0.000233  
e  0.009276  0.064634  0.028359  0.001536  0.002954  0.003309  
f  0.012456  0.000319  0.000319  0.000319  0.000319  0.000319  
g  0.062500  0.000388  0.000388  0.000388  0.000776  0.000388  
h  0.000159  0.000159  0.056571  0.000477  0.000159  0.000159  
i  0.011541  0.039319  0.046068  0.003130  0.002347  0.000782  
j  0.007937  0.007937  0.007937  0.007937  0.007937  0.007937  
k  0.001706  0.001706  0.001706  0.001706  0.001706  0.001706  
l  0.073610  0.000167  0.000668  0.000167  0.001669  0.000167  
m  0.057143  0.000280  0.000280  0.000280  0.004202  0.000280  
n  0.031039  0.000109  0.010237  0.000109  0.000327  0.000109  
o  0.000445  0.013266  0.025908  0.000089  0.007212  0.000178  
p  0.044625  0.000326  0.000326  0.015635  0.011401  0.000326  
q  0.005882  0.005882  0.005882  0.005882  0.005882  0.005882  
r  0.060719  0.000129  0.001418  0.000129  0.000129  0.000129  
s  0.070008  0.000550  0.001649  0.000110  0.030003  0.000110  
t  0.043827  0.000077  0.000617  0.004090  0.001003  0.000077  
u  0.000267  0.000535  0.000267  0.002139  0.000267  0.000267  
v  0.000550  0.000550  0.000550  0.000550  0.000550  0.000550  
w  0.000475  0.000475  0.000475  0.000475  0.001898  0.000475  
x  0.013937  0.003484  0.003484  0.003484  0.003484  0.003484  
y  0.001073  0.001073  0.000358  0.000358  0.000358  0.000715  
z  0.006944  0.006944  0.006944  0.006944  0.006944  0.006944  

[27 rows x 27 columns]
